59,4
59,3
59,2
59,1
4294967294,1423
4294967294,1242
58,6
58,5
58,4
58,3
58,2
58,1
57,5
57,4
57,3
57,2
57,1
56,5
56,4
56,3
56,2
56,1
55,5
55,4
55,3
55,2
55,1
54,4
54,3
54,2
54,1
4294967279,447
4294967278,383
4294967278,382
4294967279,446
4294967278,381
4294967278,380
4294967279,445
4294967294,1424
53,6
53,5
53,4
53,3
53,2
53,1
52,5
52,4
52,3
52,2
52,1
51,5
51,4
51,3
51,2
51,1
50,5
50,4
50,3
50,2
50,1
4294967278,379
4294967279,444
4294967279,443
4294967278,378
4294967279,442
4294967279,441
4294967278,377
4294967278,376
4294967279,440
4294967278,375
4294967278,374
49,4
49,3
49,2
49,1
48,6
48,5
48,4
48,3
48,2
48,1
4294967278,373
47,5
4294967279,439
47,4
47,3
47,2
47,1
4294967278,372
46,5
46,4
46,3
46,2
46,1
45,5
45,4
45,3
45,2
45,1
4294967278,371
4294967279,438
44,4
44,3
44,2
44,1
4294967278,370
4294967279,437
43,6
43,5
43,4
43,3
43,2
43,1
4294967294,1241
42,5
42,4
42,3
42,2
42,1
4294967278,369
41,5
41,4
41,3
41,2
41,1
4294967279,436
40,5
40,4
40,3
40,2
40,1
4294967278,368
4294967279,435
4294967278,367
4294967278,366
4294967278,365
4294967279,434
4294967279,433
4294967278,364
4294967278,363
4294967279,432
39,4
39,3
39,2
39,1
38,6
38,5
38,4
38,3
38,2
38,1
37,5
37,4
37,3
37,2
37,1
4294967278,362
4294967279,431
4294967278,361
4294967278,360
36,5
36,4
36,3
36,2
36,1
4294967279,430
4294967294,477
35,5
35,4
35,3
35,2
35,1
34,4
34,3
34,2
34,1
4294967279,429
4294967278,359
4294967279,428
4294967278,358
4294967279,427
4294967279,426
33,4
33,3
33,2
33,1
4294967278,357
4294967279,425
32,6
4294967279,424
4294967278,356
4294967278,355
32,5
4294967279,423
4294967279,422
32,4
32,3
32,2
32,1
4294967278,354
4294967278,353
4294967279,421
4294967278,352
31,5
31,4
31,3
31,2
31,1
4294967279,420
30,5
30,4
30,3
30,2
30,1
4294967294,476
29,5
29,4
29,3
29,2
29,1
28,4
28,3
28,2
28,1
27,4
27,3
27,2
27,1
4294967279,419
4294967278,351
26,6
4294967278,350
4294967279,418
26,5
26,4
26,3
26,2
26,1
4294967278,349
4294967294,475
4294967279,417
4294967278,348
25,5
25,4
25,3
25,2
25,1
4294967279,416
4294967279,415
4294967279,414
4294967279,413
24,5
24,4
24,3
24,2
24,1
4294967278,347
4294967278,346
4294967294,474
4294967278,345
4294967278,344
23,5
4294967279,412
23,4
23,3
23,2
23,1
22,4
22,3
22,2
22,1
4294967278,343
4294967279,411
4294967279,410
4294967278,342
21,4
21,3
21,2
21,1
20,6
20,5
20,4
20,3
20,2
20,1
19,5
19,4
19,3
19,2
19,1
4294967278,341
18,5
18,4
18,3
18,2
18,1
17,5
17,4
17,3
17,2
17,1
16,4
16,3
16,2
16,1
4294967278,340
4294967279,409
4294967278,339
4294967278,338
4294967278,337
4294967279,408
4294967278,336
4294967279,407
4294967279,406
4294967278,335
4294967279,405
4294967278,334
4294967278,333
4294967278,332
4294967279,404
4294967279,403
4294967278,331
15,6
4294967279,402
4294967279,401
4294967278,330
4294967278,329
15,5
15,4
15,3
15,2
15,1
4294967279,400
4294967294,1427
4294967294,1426
14,5
14,4
14,3
14,2
14,1
4294967278,328
13,5
13,4
13,3
13,2
13,1
12,5
12,4
12,3
12,2
12,1
4294967278,327
4294967279,399
4294967278,326
4294967279,398
4294967279,397
4294967278,325
4294967278,324
4294967279,396
4294967278,323
4294967278,322
4294967279,395
4294967279,394
4294967278,321
4294967279,393
4294967278,320
4294967279,392
4294967279,391
4294967278,319
4294967278,318
4294967279,390
4294967278,317
4294967278,316
4294967279,389
4294967279,388
4294967278,315
4294967294,1425
4294967278,314
4294967279,387
4294967279,386
11,6
4294967279,385
4294967278,313
4294967278,312
11,5
11,4
11,3
11,2
11,1
4294967279,384
4294967278,311
4294967279,319
4294967279,318
10,5
10,4
10,3
10,2
10,1
4294967278,310
4294967294,473
4294967279,317
4294967278,309
4294967278,308
9,5
9,4
9,3
9,2
9,1
4294967279,316
4294967294,1166
4294967278,307
4294967279,315
4294967279,314
8,5
4294967279,313
4294967278,306
8,4
8,3
8,2
8,1
4294967278,305
4294967279,312
4294967278,304
4294967279,311
4294967279,310
4294967278,303
4294967278,302
4294967279,309
4294967278,301
4294967278,300
4294967279,308
4294967279,307
4294967278,299
4294967279,306
